19127380
Duy Tuong
1
-1
-1
-1
-1
1
2020 4 6 13 30 17 30 0
2020 4 13 13 30 17 30 0
2020 4 20 13 30 17 30 0
2020 4 27 13 30 17 30 0
2020 5 4 13 30 17 30 0
2020 5 11 13 30 17 30 0
2020 5 18 13 30 17 30 0
2020 5 25 13 30 17 30 0
2020 6 1 13 30 17 30 0

19127400
Hoang Viet
1
-1
-1
-1
-1
1
2020 4 6 13 30 17 30 0
2020 4 13 13 30 17 30 0
2020 4 20 13 30 17 30 0
2020 4 27 13 30 17 30 0
2020 5 4 13 30 17 30 0
2020 5 11 13 30 17 30 0
2020 5 18 13 30 17 30 0
2020 5 25 13 30 17 30 0
2020 6 1 13 30 17 30 0

19127200
Thanh Long Hoang Duy
1
-1
-1
-1
-1
1
2020 4 6 13 30 17 30 0
2020 4 13 13 30 17 30 0
2020 4 20 13 30 17 30 0
2020 4 27 13 30 17 30 0
2020 5 4 13 30 17 30 0
2020 5 11 13 30 17 30 0
2020 5 18 13 30 17 30 0
2020 5 25 13 30 17 30 0
2020 6 1 13 30 17 30 0

19127592
Tri Le
1
-1
-1
-1
-1
1
2020 4 6 13 30 17 30 0
2020 4 13 13 30 17 30 0
2020 4 20 13 30 17 30 0
2020 4 27 13 30 17 30 0
2020 5 4 13 30 17 30 0
2020 5 11 13 30 17 30 0
2020 5 18 13 30 17 30 0
2020 5 25 13 30 17 30 0
2020 6 1 13 30 17 30 0

19127500
Quoc Anh
1
-1
-1
-1
-1
1
2020 4 6 13 30 17 30 0
2020 4 13 13 30 17 30 0
2020 4 20 13 30 17 30 0
2020 4 27 13 30 17 30 0
2020 5 4 13 30 17 30 0
2020 5 11 13 30 17 30 0
2020 5 18 13 30 17 30 0
2020 5 25 13 30 17 30 0
2020 6 1 13 30 17 30 0

19127380
Duy Tuong
1
-1
-1
-1
-1
1
2020 4 6 13 30 17 30 0
2020 4 13 13 30 17 30 0
2020 4 20 13 30 17 30 0
2020 4 27 13 30 17 30 0
2020 5 4 13 30 17 30 0
2020 5 11 13 30 17 30 0
2020 5 18 13 30 17 30 0
2020 5 25 13 30 17 30 0
2020 6 1 13 30 17 30 0

19127400
Hoang Viet
1
-1
-1
-1
-1
1
2020 4 6 13 30 17 30 0
2020 4 13 13 30 17 30 0
2020 4 20 13 30 17 30 0
2020 4 27 13 30 17 30 0
2020 5 4 13 30 17 30 0
2020 5 11 13 30 17 30 0
2020 5 18 13 30 17 30 0
2020 5 25 13 30 17 30 0
2020 6 1 13 30 17 30 0

19127200
Thanh Long Hoang Duy
1
-1
-1
-1
-1
1
2020 4 6 13 30 17 30 0
2020 4 13 13 30 17 30 0
2020 4 20 13 30 17 30 0
2020 4 27 13 30 17 30 0
2020 5 4 13 30 17 30 0
2020 5 11 13 30 17 30 0
2020 5 18 13 30 17 30 0
2020 5 25 13 30 17 30 0
2020 6 1 13 30 17 30 0

19127592
Tri Le
1
-1
-1
-1
-1
1
2020 4 6 13 30 17 30 0
2020 4 13 13 30 17 30 0
2020 4 20 13 30 17 30 0
2020 4 27 13 30 17 30 0
2020 5 4 13 30 17 30 0
2020 5 11 13 30 17 30 0
2020 5 18 13 30 17 30 0
2020 5 25 13 30 17 30 0
2020 6 1 13 30 17 30 0

19127500
Quoc Anh
1
-1
-1
-1
-1
1
2020 4 6 13 30 17 30 0
2020 4 13 13 30 17 30 0
2020 4 20 13 30 17 30 0
2020 4 27 13 30 17 30 0
2020 5 4 13 30 17 30 0
2020 5 11 13 30 17 30 0
2020 5 18 13 30 17 30 0
2020 5 25 13 30 17 30 0
2020 6 1 13 30 17 30 0

19127380
Duy Tuong
1
-1
-1
-1
-1
1
2020 4 6 13 30 17 30 0
2020 4 13 13 30 17 30 0
2020 4 20 13 30 17 30 0
2020 4 27 13 30 17 30 0
2020 5 4 13 30 17 30 0
2020 5 11 13 30 17 30 0
2020 5 18 13 30 17 30 0
2020 5 25 13 30 17 30 0
2020 6 1 13 30 17 30 0

19127400
Hoang Viet
1
-1
-1
-1
-1
1
2020 4 6 13 30 17 30 0
2020 4 13 13 30 17 30 0
2020 4 20 13 30 17 30 0
2020 4 27 13 30 17 30 0
2020 5 4 13 30 17 30 0
2020 5 11 13 30 17 30 0
2020 5 18 13 30 17 30 0
2020 5 25 13 30 17 30 0
2020 6 1 13 30 17 30 0

19127200
Thanh Long Hoang Duy
1
-1
-1
-1
-1
1
2020 4 6 13 30 17 30 0
2020 4 13 13 30 17 30 0
2020 4 20 13 30 17 30 0
2020 4 27 13 30 17 30 0
2020 5 4 13 30 17 30 0
2020 5 11 13 30 17 30 0
2020 5 18 13 30 17 30 0
2020 5 25 13 30 17 30 0
2020 6 1 13 30 17 30 0

